9791
10773
10874
10897
10094
10651
10878
10336
10714
10880
10683
10868
10714
10715
10952
10839
10714
10718
10954
10712
10956
10885
10794
10955
10715
10957
10955
10032
10708
10713
10488
10959
10955
10951
10959
10956
10953
10956
10955
10950
10884
10882
10718
10955
10953
10958
10953
10961
10961
10960
10957
10953
10338
10953
10959
10956
10956
10960
10958
10961
10955
10159
10958
10789
10273
10959
10959
10957
10960
10954
10960
10960
10957
10916
10317
10793
10711
10880
10958
10335
10713
10959
10958
10793
10878
10338
10790
10446
10709
10790
10957
10958
10960
10795
10067
10955
10946
10357
10872
10790
10956
10953
10875
10303
10872
10697
10715
10965
10272
10957
10690
10966
10946
10716
10947
10955
10954
10956
10946
10959
10953
10790
10958
10951
10958
10708
10880
10967
10966
10720
10786
10957
10959
10958
10786
10875
10958
10957
10712
10114
10958
10879
10716
10952
10913
10328
10959
10955
10540
10959
10628
10956
10959
10882
10878
10954
10289
10096
10715
10337
10130
9519
10474
10691
10275
10076
9153
10441
10038
9652
10292
9652
10725
9452
10050
10493
10717
10199
10130
10497
10711
10505
10696
10340
10717
10273
10815
10714
10515
9803
10719
10695
10078
10705
10471
9886
10336
10714
10706
10882
10284
10602
10695
10880
10948
10264
10136
10124
8802
10265
10100
10465
10880
10525
10503
10956
10673
10714
10719
9581
9339
10622
10697
10013
10468
10882
10528
10622
10875
10707
10702
10142
10714
10689
10529
10647
10714
10666
10507
10510
10529
10469
8931
10046
10496
8914
9556
9801
8801
10715
10714
10953
10287
10001
10956
10714
10713
9073
10960
10718
10716
9845
10792
10694
10880
10957
10958
10960
10884
10937
10793
10286
10337
10719
10878
10716
10101
10717
10950
10717
10883
10716
10319
10881
10710
10875
10882
10951
10960
10788
10954
10882
10690
10959
10884
10714
10671
10715
10883
10505
10278
10099
10828
10880
10795
10955
10503
10716
10378
10718
10289
10289
10882
10707
10793
10953
8908
9232
10955
10960
10715
9138
10782
10784
10880
8720
9143
10878
10794
10794
10716
10373
10476
10509
10586
10679
10956
10960
10874
10281
10304
10132
10953
10957
10956
10959
10957
10790
10589
10781
10958
10248
10950
10791
10960
10959
10958
10960
10505
10943
10789
10954
9757
10763
10958
10959
10793
10945
10955
10959
10795
10961
10959
10947
10958
10881
10958
10961
10957
8838
10960
10959
10959
10590
10953
10956
10603
10953
10960
10647
10958
10790
10306
10778
10959
10960
10958
10959
10559
10956
10961
10958
10502
10877
10960
9438
10960
10792
10959
9879
9013
10958
10626
10495
10958
10960
10965
10955
10958
10931
10619
10486
10955
10956
10954
10954
10958
10883
10878
10946
10953
10704
10957
10829
10878
10959
10957
10911
10955
10958
10813
10287
10688
10707
10956
10954
10958
10870
10962
10929
10958
10716
10957
10484
10719
10894
10777
10956
10949
10953
10960
10887
10941
10704
10958
9622
9769
10709
10957
10955
10959
10883
10715
10955
10717
10475
10932
10718
10525
9439
9104
8887
10670
10695
10769
10881
11013
9646
10949
10960
10713
10713
10654
10868
10712
10712
10458
10192
10830
10527
10238
10870
10954
10958
10864
10961
10518
10794
10883
10713
10959
10960
10956
10956
10883
10960
10931
10870
10560
10878
10960
9451
10883
10902
10881
10957
9876
10958
10270
10222
10959
10957
10262
10714
10961
10958
10958
10495
10606
10324
10960
10883
10795
10958
10959
10944
10877
10958
10791
10958
10882
10955
10960
10793
10883
10958
10726
10853
10740
10959
10954
10819
10788
10924
10956
10945
10952
10823
10880
10954
10925
10952
10878
10952
10951
10948
10498
10716
10961
10957
10221
10919
10610
10956
10878
10567
10953
10790
10559
9967
10780
10245
10880
10793
10717
10482
10882
10789
10945
10883
10960
10953
10502
10956
10954
10844
10756
10715
10883
10958
10954
10956
10958
10955
10957
10723
10769
10958
10946
10772
10791
10792
10937
10959
10907
10899
10788
10956
10794
10794
10959
10960
10959
10955
10790
10957
10950
10955
10770
10961
10793
10958
10959
10957
10793
10881
10164
10958
10614
10911
10954
10958
10947
10907
10958
10948
10949
9749
9787
10882
10958
10821
10885
10955
10954
10791
10956
10932
10323
10957
10960
10956
10960
10948
10933
10497
10955
8823
10957
10957
10351
10558
10716
10299
10299
10299
10299
10299
10299
10299
10299
10299
10299
10299
10299
10299
10299
10299
10299
10299
10299
10299
10299
10299
10299
10299
10299
10299
10298
10299
10299
10299
10299
10299
10299
10299
10299
10299
10299
10299
10299
10299
10299
10299
10299
10299
10299
10299
10299
10299
10299
10299
10299
10299
10299
10299
10299
10299
10299
10299
10299
10299
10299
10299
10299
10299
10299
10299
10299
10299
10299
10299
10299
10299
10299
10299
10299
10299
10299
10299
10299
10299
10299
10299
10299
10299
10299
10299
10299
10299
10299
10299
10299
10299
10299
10298
10299
10299
10299
10299
10269
10299
10299
10299
10299
10299
10299
10299
10299
10299
10299
10299
10299
10299
10299
10299
10299
10299
10299
10299
10299
10299
10299
10299
10299
10299
10299
10299
10299
10299
10299
10299
10299
10299
10299
10299
10299
10299
10299
10299
10297
10299
10299
10299
10299
10299
10294
10297
10287
10299
10299
10299
10299
10299
10299
10299
10299
10299
10299
10299
10299
10299
10299
10299
10299
10299
10299
10299
10299
10299
10299
10299
10299
10299
10299
10299
10299
10299
10296
10299
10299
10298
10299
10299
10299
10299
10299
10299
10299
10299
10299
10299
10299
10299
10299
10298
10299
10299
10299
10299
10299
10299
10299
10299
10299
10299
10299
10299
10299
10299
10299
10299
10299
10299
10294
10299
10299
10298
10299
10298
10299
10299
10299
10299
10299
10299
10299
10299
10299
10297
10297
10299
10299
10299
10299
10299
10299
10299
10299
10299
10299
10299
10299
10299
10299
10299
10299
10299
10299
10299
10299
10299
10299
10299
10299
10299
10299
10299
10299
10299
10299
10297
10299
10299
10299
10299
10299
10299
10299
10299
10299
10299
10299
10299
10299
10299
10299
10299
10299
10299
10299
10299
10299
10299
10299
10299
10299
10299
10297
10299
10299
10299
10299
10299
10299
10299
10299
10299
10299
10299
10299
10299
10299
10299
10299
10299
10299
10299
10299
10299
10299
10298
10299
10299
10299
10299
10299
10299
10299
10299
10299
10299
10299
10299
10299
10299
10299
10299
10299
10299
10299
10299
10299
10299
10299
10299
10299
10299
10298
10299
10299
10299
10299
10299
10299
10299
10299
10299
10299
10299
10299
10299
10299
10299
10299
10299
10299
10297
10299
10299
10299
10299
10299
10299
10299
10299
10299
10299
10299
10299
10299
10299
10299
10299
10299
10299
10299
10299
10298
10299
10299
10296
10299
10299
10299
10299
10299
10299
10299
10299
10299
10299
10299
10299
10299
10299
10299
10299
10299
10299
10299
10299
10299
10299
10299
10299
10299
10299
10299
10299
10299
10299
10299
10299
10299
10299
10299
10299
10299
10299
10299
10299
10299
10299
10299
10299
10299
10299
10299
10299
10299
10299
10299
10299
10299
10299
10299
10299
10299
10299
10299
10299
10299
10299
10299
10299
10299
10299
10299
10299
10299
10299
10299
10299
10299
10299
10299
10299
10299
10299
10299
10299
10299
10299
10299
10299
10299
10299
10299
10299
10299
10299
10299
10299
10298
10299
10299
10299
10299
10299
10299
10299
10299
10299
10299
10299
10299
10299
10299
10299
10299
10299
10299
10299
10299
10299
10299
10299
10299
10299
10275
10299
10299
10297
10299
10299
10299
10299
10299
10299
10299
10299
10299
10299
10296
10299
10299
10296
10299
10299
10299
10299
10299
10299
10299
10299
10299
10299
10299
10299
10299
10299
10299
10299
10299
10299
10299
10298
10299
10299
10299
10299
10299
10299
10299
10299
10299
10299
10299
10299
10299
10299
10299
10299
10299
10299
10299
10299
10299
10299
10299
10299
10299
10299
10299
10299
10299
10299
10299
10299
10299
10299
10299
10299
10299
10299
10299
10299
10299
10299
10299
10299
10299
10299
10299
10299
10299
10298
10299
10299
10299
10299
10299
10299
10299
10299
10299
10299
10299
10299
10299
10299
10299
10299
10299
10298
10299
10299
10299
10299
10299
10299
10299
10298
10299
10299
10299
10299
10299
10299
10299
10299
10299
10299
10299
10299
10299
10299
10299
10299
10299
10299
10297
10299
10299
10299
10299
10299
10299
10299
10299
10299
10299
10299
10299
10299
10299
10299
10299
10299
10299
10299
10299
10299
10299
10299
10299
10299
10299
10299
10299
10299
10299
10296
10296
10299
10299
10299
10299
10299
10299
10299
10299
10299
10299
10299
10299
10299
10299
10299
10299
10299
10299
10299
10299
10299
10299
10299
10299
10299
10299
10299
10299
10299
10299
10299
10299
10299
10299
10299
10299
10299
10299
10299
10299
10299
10299
10299
10299
10299
10299
10299
10299
10299
10297
10298
10298
10299
10299
10299
10299
10299
10299
10299
10299
10299
10299
10299
10299
10298
10299
10299
10299
10299
10299
10299
10299
10299
10299
10299
10299
10299
10299
10299
10299
10299
10299
10299
10299
10299
10299
10299
10281
10299
10299
10299
10299
10299
10299
10299
10299
10299
10299
10299
10299
10299
10293
10299
10299
10299
10299
10299
10299
10299
10299
10299
10299
10299
10299
10299
10299
10299
10299
10299
10299
10299
10299
10263
10299
10299
10299
10299
10299
10299
10299
10299
10299
10299
10299
10299
10299
10299
10299
10299
10299
10299
10299
10299
10299
10299
10297
10299
10299
9599
10298
10299
10293
10299
10295
10299
10299
9887
10191
10210
10076
9693
10299
10298
10040
10299
10182
10299
10135
10298
10299
10299
10299
10248
10061
9873
10299
10290
10299
10047
10226
10080
10272
9561
10158
10299
10299
10299
10063
10250
9961
10299
10216
8525
10299
10299
10299
10299
10112
10062
10232
10197
10210
10290
10196
10269
10299
10062
10271
10199
10299
10135
10299
10299
10296
10299
9751
10299
10299
10299
10299
10299
10299
10299
10299
10299
10299
10299
10259
10299
10299
10299
10299
10299
10299
10299
10299
10299
10299
10299
10299
10299
10299
10299
10299
10298
10298
10299
10299
10299
10299
10299
10299
10299
10222
10231
10299
10299
10299
10299
10299
10299
10299
10299
10299
10299
10299
10299
10299
10299
9682
10298
10299
10297
10299
10299
10297
10299
10299
10299
10299
10299
10299
10299
10299
10299
10299
10299
10299
10299
10299
10299
10299
10299
10299
10299
10299
10299
10299
10299
10299
10299
10299
10299
10299
10299
10299
10299
10299
10299
10299
10299
10299
10299
10299
10299
10299
10296
10299
10299
10299
10299
10299
10299
10299
10299
10299
10299
10299
10299
10299
10299
10299
10299
10299
10299
10299
10299
10299
10299
10299
10299
10299
10299
10299
10299
10299
10299
10299
10299
10299
10299
10299
10299
10299
10299
10299
10299
10299
10299
10299
10299
10299
10299
10299
10299
10299
10299
10299
10299
10299
10299
10297
10299
9199
10299
10299
10299
10299
10179
10299
10299
10100
10299
9811
10299
9310
10299
10299
10299
10299
10299
10293
10299
10299
10299
10299
10299
10299
10299
10299
10299
10293
10299
10029
10293
10299
10299
10299
10299
10299
10299
10299
9988
10298
10299
9769
10240
10299
9977
9756
10176
10299
10183
10299
10299
10299
10299
10209
10299
9746
10299
10296
10299
10299
10299
10179
10299
8968
10169
9261
10296
10299
10299
9646
10063
10299
9298
10299
10299
10294
10299
10299
10299
10299
10299
10299
10297
10298
10299
10126
10299
10299
10299
10293
10233
10299
9042
10299
10299
10299
10299
10299
10299
10299
9986
10299
10241
10299
10299
10299
10299
9216
10299
10299
10299
10089
10299
10299
10299
10299
10299
10299
10299
10299
10299
10299
10299
10243
10299
10299
10299
10299
10299
10299
10299
10299
10299
10299
10299
10299
10299
10299
9491
10299
10299
10299
10299
10299
10299
10299
10244
9528
10299
10299
10299
10299
10299
10031
10299
10299
10299
10299
9943
10299
10299
10299
9991
10299
10299
10299
10299
10299
10266
10299
10299
10299
10299
10299
10299
10299
10299
10299
10299
10299
10299
10036
10299
10299
10299
10299
10037
10299
10090
10155
10220
10299
10299
10299
10083
10299
9393
10192
10090
9440
10299
10299
10263
10135
10135
10135
10299
8485
10208
10135
10135
10135
10135
10135
10093
10135
10050
10101
10135
10135
10214
10263
10135
10282
10220
10299
10299
10279
10100
9399
10100
10299
10299
10299
10299
10040
9922
10299
10299
9514
10089
10299
10299
9644
10299
10299
9989
10299
10205
10299
10299
10294
9830
8787
10245
9322
10299
10299
10299
9851
10081
9745
8244
10013
10299
10210
10185
10299
10299
9812
10299
10299
10267
10299
10299
10299
10090
9678
10299
10186
10135
10135
10135
10258
8290
10299
10299
10299
10299
10299
10299
10299
10299
10299
10299
10299
10299
10299
10271
10016
10299
10299
10299
10299
10299
10299
10299
10299
10089
10299
9446
10299
10299
10299
9892
10299
10220
10220
10299
10299
10299
10299
10299
10259
10299
10299
10299
10299
10299
10089
10189
10299
10122
9927
10299
9892
10299
10295
10299
10171
9971
10299
10089
10265
10299
10127
9376
10154
10299
9868
10267
10299
10299
10299
9871
10291
10299
10299
9481
10299
10299
9993
10299
10087
10299
10299
10299
10299
10299
10268
10299
10299
10299
10052
10299
10299
10299
10299
10299
10299
10299
10299
10263
10215
10299
10263
10299
10299
10299
10299
10299
10299
10299
10299
10299
10299
10294
10293
10299
10299
10299
10299
10299
10247
10247
10247
10247
10299
10299
10299
10299
10299
10299
10299
10299
10299
10299
10299
10299
10299
10299
10299
10299
10299
10299
10299
10299
10299
10299
10299
10299
10299
10299
10299
10299
10299
10299
10299
10299
10299
10299
10299
10299
10299
10299
10299
10299
10297
10299
10299
10299
10299
10299
10299
10299
10299
10299
10299
10299
10299
10299
10299
10299
10299
10299
10295
10299
10299
10299
10299
10299
10299
10299
10299
10289
10299
10299
10299
10299
10292
10299
10299
10299
10219
10203
10299
10299
10299
10299
10292
10289
10291
10299
10299
10298
10299
10299
10299
10018
10299
10299
10061
10121
10299
10299
10062
10229
10276
10240
10140
10299
10210
10179
10234
10299
10040
10233
10299
10040
10265
10093
10061
10250
10040
9442
10299
10061
10137
10216
10299
10211
10111
10238
10299
10037
10093
10299
10299
9813
10212
9457
10090
10299
10299
10299
10191
10135
10202
9531
10135
10135
10135
9892
10299
10299
10299
10299
10299
10299
10090
9812
10135
10299
10299
10299
10299
10231
10299
10299
10205
10169
10299
10299
10299
10210
10216
10299
10299
10187
9009
10040
10231
10062
10299
10299
10288
10109
10299
10040
10063
10299
10297
10299
10063
10299
10299
10299
10290
10299
10190
10299
10299
10040
10299
10275
10216
10255
10061
10135
10135
10135
10290
9922
10103
10299
10299
10289
10299
10299
10299
10299
10299
10299
10299
10299
10299
10299
10299
10299
10299
10299
10299
10299
10299
10299
9486
10299
10299
10299
10299
10299
10299
10299
10299
10299
10299
10299
10299
10299
10299
10299
10299
10299
10299
10299
10299
10299
10299
10299
10299
10299
10299
10299
10299
10299
10299
10299
10299
10299
10299
10299
10299
10299
10299
10298
10299
10299
10299
10299
10299
10299
10299
10299
10299
10299
10299
10299
10299
10299
10299
10299
10299
10299
10299
10299
10299
10299
10299
10299
10299
10247
10247
10290
10288
10292
10299
10299
10299
10299
9960
10299
10256
10299
10183
10286
10281
10299
10299
10299
10299
10299
10299
10299
9344
10299
10299
10299
10299
10299
10299
10299
10299
10299
10299
10211
10248
10285
10291
10289
10290
10289
10290
10294
10290
10289
10289
10254
10286
10299
10299
10299
10299
10299
10299
10299
10299
10299
10299
10299
10299
10299
10299
10299
10299
10299
10299
10299
10299
10299
10299
10299
10299
10299
10299
10299
10299
10299
10299
10299
10299
10299
10299
10299
10299
10299
10299
10299
10247
10299
10247
10247
10247
10299
10299
10247
10247
10247
10299
10299
10299
10299
10299
10299
10299
10299
10299
10299
10299
10299
10299
10299
10299
10299
10299
10299
10299
10299
10299
10299
10299
10299
10299
10299
10299
10299
10299
10299
10299
10299
10289
10289
10287
10288
10294
10299
10292
10291
10288
10288
10288
10268
10291
10289
10290
10290
10292
10287
10287
10246
10247
10247
10299
10299
10290
10284
10287
10299
10291
10090
10299
10299
10299
10299
10299
10281
10299
10299
10299
10299
10299
10299
10299
10299
9950
10299
10299
10299
10299
10299
10299
10090
8968
10299
10299
10299
10299
10299
10299
10197
10299
10299
10299
10299
10299
10299
10299
10299
10299
10299
10299
10299
10299
10299
10299
10299
10299
10299
10299
10299
10299
10299
10299
10299
10299
10299
10299
10299
10299
10299
8788
10299
10299
10299
10299
10299
10299
10299
10299
10299
10299
10299
10299
10299
10247
10299
10299
10299
10299
10299
10299
10299
10299
10299
10247
10299
10284
10289
10283
10283
10282
10299
10247
10247
10247
10247
10291
10234
10291
10292
10291
10299
10299
10299
10299
10299
10299
10299
10299
10299
10299
10299
10062
10299
10289
10153
10299
9694
10299
9702
10107
10299
10299
10299
10191
10299
10299
10299
10299
10299
9757
10299
10299
10299
10299
10083
10299
10299
10210
10299
10299
10299
10299
9992
10299
10299
9846
10299
10299
10299
10115
9582
10299
10299
10299
10299
10299
10299
10299
10299
10299
10299
10285
9787
10299
10299
10299
10299
10299
10299
9830
10299
10018
10202
10299
9916
10299
10299
10299
10268
10299
10299
9641
10291
10299
10299
10299
10299
10298
10204
9063
10299
9415
9420
10299
10299
10299
10299
8737
10299
10130
10299
9906
10299
10205
9887
10299
10299
10299
10299
10067
10299
9581
10299
9426
10299
10299
10089
10299
10299
10244
10299
9872
10299
10299
10299
10299
10299
10299
10299
10299
10299
10299
10299
10247
10117
10299
10251
9798
10299
9898
10299
10299
10299
10090
10299
10178
10299
10299
9571
10299
10299
10299
10299
10298
10299
10299
10299
10299
10299
10299
10191
9993
10299
10299
10227
10299
10299
10045
10239
10263
10135
10135
10263
10135
10135
9945
10077
9841
10132
10061
10131
10042
10296
10247
10291
10299
10053
10137
10299
10299
10299
9661
10276
10126
10172
9966
10274
10299
10059
10299
10299
10084
10249
9636
10111
10089
10181
10231
9383
9905
9415
10298
10299
10297
10299
10299
10299
10294
10296
10295
10294
10295
10296
10281
10296
10295
10296
10296
10290
10293
10296
10295
10295
10296
10295
10295
10295
10293
10291
10289
10296
10295
10296
10299
10299
10299
10299
10299
10066
9926
10089
10299
10299
10299
10299
10299
10299
10299
10299
10299
10299
10299
10089
10299
10299
10299
10299
10299
10299
10299
10299
10299
10299
9097
10299
10299
10299
10299
10299
10299
10282
10299
10299
10299
10299
9855
10170
9101
9982
9997
9991
10300
10103
8378
10092
10302
9204
10042
10070
10092
10043
10302
10302
9503
9893
9939
10280
8434
10302
10302
8515
10247
10257
9702
9818
9929
10088
9577
9877
10302
10302
10070
9025
10069
9904
10069
9748
9946
10012
9929
10302
8868
10092
10210
9569
10140
10302
8870
9824
10135
9833
9663
10302
10043
10302
10043
10240
10302
10062
8488
10251
9302
10070
10140
10302
10218
10086
10302
8975
10302
10302
10092
10231
10211
10302
9645
10302
10302
9808
10302
10092
10302
9290
10302
10043
10092
10302
10040
10123
10196
10297
10225
10211
10302
10302
10302
9458
10302
10302
10302
10243
9648
10302
10164
10302
10302
10162
10302
10302
10074
9776
10302
10302
10302
10128
10019
8689
9969
10261
10093
10302
9524
10158
10086
10302
8778
10177
10230
9587
8722
10169
9729
10163
10302
10302
9757
10302
9348
10302
9669
10302
10047
9846
10084
10243
10302
8535
10302
10302
10302
10070
8494
10041
10302
10302
10302
10192
10302
10302
8488
10071
9411
10081
10070
10302
10111
10302
10302
8539
10071
10302
10257
10302
10302
10103
8260
10093
10302
10302
10302
10244
10302
10196
9607
10302
10302
9857
10302
10302
10294
10302
10302
10135
10302
10302
9828
9606
9985
10302
10302
10302
10302
10302
10178
10250
10272
10093
10093
10273
10093
10175
10093
10093
10093
10082
10100
10093
10093
10251
10198
10093
10246
10253
10294
10253
10093
10093
10239
10093
10253
10093
10302
10302
10302
10273
10302
10261
10264
9746
10093
10113
10302
10302
10113
10230
10093
10302
10302
10302
10302
10302
10261
10137
10196
10302
10115
9953
10191
10272
10228
10302
10113
10203
10302
10302
10302
10302
9576
10302
10302
10302
10275
10093
10093
10302
10302
10302
10118
10302
10302
10300
10302
10302
10302
10302
10116
10137
10302
10270
9352
10302
10302
10302
9850
10302
10302
10302
10231
10302
10302
10302
10302
10302
10302
10302
10302
10290
10302
10267
10302
10302
10302
10302
10113
10302
10302
10302
